 14
 14
 14
 15
 15
 15
 15
 15
 15
 16
 16
 16
 16
 16
 16
 16
 16
 16
 17
 17
 17
 17
 17
 17
 17
 17
 17
 17
 17
 17
 17
 17
 17
 17
 17
 17
 17
 17
 17
 17
 17
 17
 17
 17
 17
 17
 17
 17
 17
 17
 17
 17
 17
 17
 17
 17
 17
 17
 17
 17
 17
 17
 17
 17
 18
 18
 18
 18
 18
 18
 18
 18
 18
 18
 18
 18
 18
 18
 18
 18
 18
 18
 18
 18
 18
 18
 18
 18
 18
 18
 18
 18
 18
 18
 18
 18
 18
 18
 18
 18
 18
 18
 18
 18
 18
 18
 18
 18
 18
 18
 18
 18
 19
 19
 19
 19
 19
 19
 19
 19
 19
 19
 19
 19
 19
 19
 19
 19
 19
 19
 19
 19
 19
 19
 19
 19
 19
 19
 19
 19
 19
 19
 19
 19
 19
 19
 19
 19
 19
 19
 19
 19
 19
 19
 19
 20
 20
 20
 20
 20
 20
 20
 20
 20
 20
 20
 20
 20
 20
 20
 20
 20
 20
 20
 20
 20
 20
 20
 20
 20
 20
 20
 20
 20
 20
 20
 21
 21
 21
 21
 21
 21
 21
 21
 21
 21
 21
 21
 21
 21
 21
 21
 21
 21
 21
 21
 21
 21
 21
 21
 21
 21
 21
 21
 21
 21
 21
 21
 21
 21
 21
 21
 22
 22
 22
 22
 22
 22
 22
 22
 22
 22
 22
 22
 22
 22
 22
 22
 22
 22
 22
 22
 22
 22
 22
 22
 22
 22
 23
 23
 23
 23
 23
 23
 23
 23
 23
 23
 23
 23
 23
 23
 23
 23
 23
 23
 23
 23
 23
 23
 23
 23
 23
 23
 23
 23
 23
 23
 23
 23
 23
 23
 23
 23
 23
 23
 23
 23
 23
 23
 23
 23
 23
 23
 23
 23
 23
 23
 23
 23
 23
 23
 23
 23
 23
 23
 23
 23
 23
 23
 23
 23
 24
 24
 24
 24
 24
 24
 24
 24
 24
 24
 24
 24
 24
 24
 24
 24
 24
 24
 24
 24
 24
 24
 24
 24
 24
 24
 24
 24
 24
 24
 24
 24
 24
 24
 24
 24
 24
 24
 24
 24
 24
 24
 24
 24
 24
 24
 24
 24
 24
 24
 24
 24
 24
 24
 24
 24
 24
 24
 24
 24
 24
 24
 24
 24
 24
 24
 24
 24
 24
 24
 24
 24
 24
 24
 24
 24
 24
 24
 24
 24
 24
 24
 24
 24
 24
 24
 24
 24
 24
 24
 24
 24
 24
 24
 24
 24
 24
 24
 24
 24
 24
 24
 24
 24
 24
 24
 24
 24
 24
 24
 24
 24
 24
 24
 24
 24
 24
 24
 24
 24
 24
 24
 24
 24
 24
 24
 24
 24
 24
 24
 24
 24
 24
 24
 24
 24
 24
 24
 24
 24
 24
 24
 24
 24
 24
 24
 24
 24
 24
 24
 24
 24
 24
 24
 24
 24
 24
 24
 24
 24
 24
 24
 24
 24
 24
 24
 24
 24
 24
 24
 24
 24
 24
 24
 24
 24
 24
 24
 24
 24
 24
 24
 24
 24
 24
 24
 24
 24
 24
 24
 24
 24
 24
 24
 24
 24
 24
 24
 24
 24
 24
 25
 25
 25
 25
 25
 25
 25
 25
 25
 25
 25
 25
 25
 25
 25
 25
 25
 25
 25
 25
 25
 25
 25
 25
 25
 25
 25
 25
 25
 25
 25
 25
 25
 25
 25
 25
 25
 25
 25
 25
 25
 25
 25
 25
 25
 25
 25
 25
 25
 25
 25
 25
 25
 25
 25
 25
 25
 25
 25
 25
 25
 25
 25
 25
 25
 25
 25
 25
 25
 25
 25
 25
 25
 25
 25
 25
 25
 25
 25
 25
 25
 25
 25
 25
 25
 25
 25
 25
 25
 25
 25
 25
 25
 25
 25
 25
 25
 25
 25
 25
 25
 25
 25
 25
 25
 25
 25
 25
 25
 25
 25
 25
 25
 25
 25
 25
 25
 25
 25
 25
 25
 25
 25
 25
 25
 25
 25
 25
 25
 25
 25
 25
 25
 25
 25
 25
 25
 25
 25
 25
 25
 25
 25
 25
 25
 25
 25
 25
 25
 25
 25
 25
 25
 25
 25
 25
 25
 25
 25
 25
 25
 25
 25
 25
 25
 25
 25
 25
 25
 25
 25
 25
 25
 25
 25
 25
 25
 25
 25
 25
 25
 25
 25
 25
 25
 25
 25
 25
 25
 25
 25
 25
 25
 25
 25
 25
 25
 25
 25
 25
 25
 25
 25
 25
 25
 25
 25
 25
 25
 25
 25
 25
 25
 25
 25
 25
 25
 25
 25
 25
 25
 25
 25
 25
 25
 25
 25
 25
 25
 25
 25
 25
 25
 25
 25
 25
 25
 25
 25
 25
 25
 25
 25
 25
 25
 25
 25
 25
 25
 25
 25
 25
 25
 25
 25
 25
 25
 25
 25
 25
 25
 25
 25
 25
 25
 25
 25
 25
 25
 25
 25
 25
 25
 25
 25
 25
 25
 25
 25
 25
 25
 25
 25
 25
 25
 25
 25
 25
 25
 25
 25
 25
 26
 26
 26
 26
 26
 26
 26
 26
 26
 26
 26
 26
 26
 26
 26
 26
 26
 26
 26
 26
 26
 26
 26
 26
 26
 26
 26
 26
 26
 26
 26
 26
 26
 26
 26
 26
 26
 26
 26
 26
 26
 26
 26
 26
 26
 26
 26
 26
 26
 26
 26
 26
 26
 26
 26
 26
 26
 26
 26
 26
 26
 26
 26
 26
 26
 26
 26
 26
 26
 26
 26
 26
 26
 26
 26
 26
 26
 26
 26
 26
 26
 26
 26
 26
 26
 26
 26
 26
 26
 26
 26
 26
 26
 26
 26
 26
 26
 26
 26
 26
 26
 26
 26
 26
 26
 26
 26
 26
 26
 26
 26
 26
 26
 26
 26
 26
 26
 26
 26
 26
 26
 26
 26
 26
 26
 26
 26
 26
 26
 26
 26
 26
 26
 26
 26
 26
 26
 26
 26
 26
 26
 26
 26
 26
 26
 26
 26
 26
 26
 26
 26
 26
 26
 26
 26
 26
 26
 26
 26
 26
 26
 26
 26
 26
 26
 26
 26
 27
 27
 27
 27
 27
 27
 27
 27
 27
 27
 27
 27
 27
 27
 27
 27
 27
 27
 27
 27
 27
 27
 27
 27
 27
 27
 27
 27
 27
 27
 27
 27
 27
 27
 27
 27
 27
 27
 27
 27
 27
 27
 27
 27
 27
 27
 27
 27
 27
 27
 27
 27
 27
 27
 27
 27
 27
 27
 27
 27
 27
 27
 27
 27
 27
 27
 27
 27
 27
 27
 27
 27
 27
 27
 27
 27
 27
 27
 27
 27
 27
 27
 27
 27
 27
 27
 27
 27
 27
 27
 28
 28
 28
 28
 28
 28
 28
 28
 28
 28
 28
 28
 28
 28
 28
 28
 28
 28
 28
 28
 28
 28
 28
 28
 28
 28
 28
 28
 28
 28
 28
 28
 28
 28
 28
 28
 28
 28
 28
 28
 28
 28
 28
 28
 28
 29
 29
 29
 29
 29
 29
 29
 29
 29
 29
 29
 29
 29
 29
 29
 29
 29
 29
 29
 29
 29
 29
 29
 29
 29
 29
 29
 29
 29
 29
 29
 30
 30
 30
 30
 30
 30
 30
 30
 30
 30
 30
 30
 30
 30
 30
 30
 30
 30
 30
 30
 30
 30
 30
 30
 30
 30
 30
 31
 31
 31
 31
 31
 31
 31
 31
 31
 31
 31
 31
 31
 31
 31
 31
 31
 31
 31
 31
 31
 31
 31
 31
 31
 32
 32
 32
 32
 32
 32
 32
 32
 32
 32
 32
 32
 32
 32
 32
 32
 32
 32
 33
 33
 33
 33
 33
 33
 33
 33
 33
 33
 33
 33
 33
 33
 33
 33
 34
 34
 34
 34
 34
 34
 34
 34
 34
 34
 34
 34
 34
 34
 34
 34
 34
 34
 34
 34
 34
 34
 34
 34
 34
 34
 35
 35
 35
 35
 35
 35
 35
 35
 35
 35
 35
 35
 35
 35
 35
 36
 36
 36
 36
 36
 36
 36
 36
 36
 36
 36
 36
 36
 36
 37
 37
 37
 37
 37
 37
 37
 37
 37
 37
 37
 37
 37
 37
 37
 37
 38
 38
 38
 38
 38
 38
 38
 38
 38
 38
 38
 38
 38
 38
 38
 38
 38
 38
 38
 38
 38
 38
 39
 39
 39
 39
 39
 39
 39
 39
 39
 39
 39
 39
 39
 39
 39
 40
 40
 40
 40
 40
 40
 40
 40
 40
 40
 40
 40
 40
 40
 41
 41
 41
 41
 41
 41
 41
 41
 41
 41
 41
 41
 41
 41
 41
 41
 41
 41
 41
 41
 41
 42
 42
 42
 42
 42
 42
 42
 42
 42
 42
 42
 42
 42
 42
 42
 42
 42
 43
 43
 43
 43
 43
 43
 43
 43
 43
 43
 43
 43
 43
 43
 43
 43
 43
 43
 43
 43
 44
 44
 44
 44
 44
 44
 44
 44
 44
 44
 44
 44
 44
 44
 44
 44
 44
 45
 45
 45
 45
 45
 45
 45
 45
 45
 45
 45
 45
 45
 45
 45
 45
 45
 45
 45
 45
 45
 45
 45
 45
 46
 46
 46
 46
 46
 46
 46
 46
 46
 46
 46
 46
 47
 47
 47
 47
 47
 47
 47
 47
 47
 47
 47
 47
 47
 47
 47
 47
 47
 47
 47
 47
 47
 47
 47
 47
 48
 48
 48
 48
 48
 48
 48
 48
 48
 48
 49
 49
 49
 49
 49
 49
 49
 49
 49
 49
 49
 49
 49
 49
 49
 49
 49
 50
 50
 50
 50
 50
 50
 50
 50
 50
 50
 50
 50
 50
 50
 50
 50
 50
 51
 51
 51
 51
 51
 51
 51
 51
 51
 51
 51
 51
 51
 51
 52
 52
 52
 52
 52
 52
 52
 52
 52
 52
 52
 52
 52
 52
 52
 53
 53
 53
 53
 53
 53
 53
 53
 53
 53
 54
 54
 54
 54
 54
 54
 54
 54
 54
 54
 55
 55
 55
 55
 55
 55
 55
 55
 55
 55
 55
 55
 56
 56
 56
 56
 56
 57
 57
 57
 57
 57
 57
 57
 58
 58
 58
 58
 58
 58
 59
 59
 59
 59
 59
 60
 60
 60
 60
 61
 61
 61
 61
 62
 62
 62
 63
 63
 63
 63
 64
 64
 64
 64
 65
 65
 65
 66
 66
 67
 70
 72
 73
 74
 74
 75
 76
 78
 87
 89
 94
 97
 103
 103
 104
 105
 110
 129
 148
 178
 201
 204
 212
 221
 223
 225
 229
 237
 245
 245
 251
 252
 254
 254
 260
 263
 267
 269
 276
 277
 285
 285
 286
 286
 286
 287
 288
 289
 289
 292
 294
 296
 318
 322
 335
 341
 347
 353
 353
 355
 360
 369
 392
 465
 466
 469
 469
 469
 525
 542
 543
 544
 546
 546
 551
 554
 554
 571
 571
 572
 579
 590
 609
 636
 640
 897
 1062
 1092
 1105
 1126
 1128
 1136
 1144
 1160
 1167
 1169
 1171
 1175
 1177
 1196
 1197
 1198
 1198
 1199
 1201
 1201
 1202
 1205
 1206
 1209
 1211
 1211
 1213
 1213
 1214
 1215
 1215
 1216
 1216
 1217
 1218
 1219
 1220
 1220
 1221
 1221
 1222
 1223
 1223
 1224
 1224
 1225
 1225
 1226
 1227
 1228
 1230
 1230
 1230
 1230
 1230
 1231
 1232
 1232
 1234
 1234
 1237
 1238
 1239
 1239
 1240
 1242
 1243
 1244
 1244
 1244
 1246
 1246
 1246
 1247
 1247
 1247
 1249
 1250
 1251
 1251
 1251
 1251
 1251
 1251
 1251
 1252
 1252
 1252
 1253
 1253
 1253
 1253
 1254
 1254
 1255
 1257
 1259
 1262
 1263
 1263
 1263
 1264
 1264
 1265
 1265
 1266
 1266
 1266
 1266
 1268
 1268
 1268
 1269
 1269
 1270
 1271
 1271
 1271
 1271
 1272
 1272
 1272
 1272
 1272
 1273
 1273
 1273
 1273
 1274
 1275
 1275
 1276
 1276
 1276
 1277
 1277
 1277
 1277
 1278
 1278
 1278
 1278
 1278
 1278
 1279
 1279
 1279
 1279
 1279
 1279
 1280
 1280
 1280
 1281
 1282
 1282
 1282
 1284
 1285
 1285
 1285
 1285
 1286
 1286
 1288
 1288
 1289
 1289
 1289
 1289
 1290
 1291
 1291
 1291
 1292
 1292
 1293
 1293
 1293
 1294
 1295
 1295
 1297
 1297
 1298
 1299
 1299
 1300
 1301
 1301
 1302
 1303
 1303
 1303
 1303
 1304
 1304
 1304
 1305
 1305
 1305
 1305
 1305
 1306
 1306
 1306
 1306
 1307
 1308
 1308
 1309
 1309
 1311
 1312
 1312
 1313
 1313
 1314
 1314
 1314
 1314
 1315
 1315
 1316
 1316
 1316
 1316
 1317
 1317
 1317
 1317
 1318
 1318
 1318
 1320
 1320
 1321
 1322
 1322
 1323
 1323
 1324
 1324
 1325
 1325
 1326
 1326
 1326
 1326
 1327
 1327
 1327
 1327
 1327
 1328
 1328
 1329
 1329
 1329
 1329
 1329
 1330
 1330
 1330
 1330
 1330
 1331
 1331
 1332
 1332
 1332
 1332
 1332
 1333
 1334
 1334
 1335
 1335
 1335
 1335
 1335
 1335
 1336
 1336
 1336
 1336
 1336
 1337
 1337
 1337
 1337
 1337
 1337
 1337
 1337
 1338
 1338
 1338
 1338
 1338
 1339
 1339
 1339
 1339
 1339
 1339
 1339
 1339
 1340
 1340
 1340
 1340
 1340
 1341
 1341
 1341
 1342
 1342
 1342
 1342
 1342
 1342
 1343
 1343
 1343
 1343
 1343
 1343
 1344
 1344
 1344
 1344
 1345
 1345
 1345
 1345
 1345
 1346
 1346
 1346
 1346
 1346
 1346
 1346
 1346
 1346
 1346
 1346
 1347
 1347
 1347
 1347
 1347
 1348
 1349
 1349
 1349
 1349
 1349
 1350
 1350
 1350
 1350
 1350
 1350
 1350
 1350
 1350
 1351
 1351
 1351
 1351
 1352
 1352
 1352
 1352
 1352
 1353
 1353
 1353
 1354
 1354
 1354
 1355
 1355
 1355
 1356
 1356
 1356
 1356
 1356
 1356
 1357
 1357
 1357
 1357
 1357
 1358
 1358
 1358
 1359
 1359
 1359
 1359
 1359
 1360
 1360
 1360
 1360
 1361
 1361
 1361
 1361
 1362
 1362
 1362
 1362
 1364
 1364
 1364
 1364
 1365
 1365
 1365
 1365
 1365
 1365
 1365
 1366
 1366
 1366
 1366
 1366
 1367
 1367
 1367
 1368
 1368
 1368
 1368
 1368
 1369
 1369
 1369
 1369
 1369
 1370
 1370
 1370
 1370
 1370
 1370
 1370
 1370
 1370
 1371
 1371
 1371
 1371
 1371
 1371
 1372
 1372
 1372
 1373
 1373
 1373
 1373
 1373
 1373
 1373
 1374
 1374
 1374
 1374
 1374
 1374
 1374
 1374
 1375
 1375
 1375
 1375
 1375
 1375
 1376
 1376
 1376
 1376
 1376
 1376
 1376
 1376
 1376
 1376
 1376
 1377
 1377
 1377
 1377
 1377
 1377
 1377
 1378
 1378
 1378
 1378
 1378
 1378
 1378
 1379
 1379
 1379
 1379
 1379
 1380
 1380
 1380
 1380
 1380
 1380
 1381
 1381
 1381
 1381
 1381
 1381
 1381
 1381
 1381
 1382
 1382
 1382
 1382
 1382
 1382
 1382
 1382
 1382
 1382
 1383
 1383
 1383
 1383
 1383
 1383
 1383
 1383
 1383
 1383
 1383
 1383
 1383
 1383
 1383
 1383
 1383
 1383
 1384
 1384
 1384
 1384
 1384
 1384
 1384
 1384
 1384
 1384
 1384
 1384
 1384
 1385
 1385
 1385
 1385
 1385
 1385
 1386
 1386
 1386
 1386
 1386
 1387
 1387
 1387
 1387
 1387
 1387
 1387
 1387
 1388
 1388
 1388
 1388
 1388
 1388
 1389
 1389
 1389
 1389
 1389
 1389
 1389
 1389
 1390
 1390
 1390
 1390
 1390
 1390
 1390
 1390
 1390
 1390
 1390
 1390
 1390
 1391
 1391
 1391
 1391
 1391
 1391
 1391
 1392
 1392
 1392
 1392
 1392
 1392
 1392
 1392
 1392
 1392
 1393
 1393
 1393
 1393
 1393
 1393
 1393
 1393
 1393
 1393
 1393
 1393
 1393
 1394
 1394
 1394
 1394
 1394
 1394
 1394
 1395
 1395
 1395
 1395
 1395
 1395
 1395
 1395
 1395
 1395
 1395
 1395
 1396
 1396
 1396
 1396
 1396
 1396
 1396
 1396
 1396
 1397
 1397
 1397
 1397
 1398
 1398
 1398
 1398
 1398
 1399
 1399
 1399
 1399
 1399
 1399
 1399
 1399
 1399
 1399
 1399
 1399
 1399
 1400
 1400
 1400
 1400
 1400
 1400
 1400
 1400
 1400
 1400
 1400
 1400
 1400
 1400
 1400
 1400
 1400
 1401
 1401
 1401
 1401
 1401
 1401
 1402
 1402
 1402
 1402
 1402
 1402
 1402
 1403
 1403
 1403
 1403
 1403
 1403
 1403
 1403
 1403
 1403
 1403
 1404
 1404
 1404
 1404
 1404
 1405
 1405
 1405
 1405
 1405
 1405
 1405
 1405
 1405
 1406
 1406
 1406
 1406
 1406
 1406
 1407
 1407
 1407
 1407
 1407
 1407
 1407
 1407
 1407
 1407
 1407
 1407
 1407
 1407
 1407
 1408
 1408
 1408
 1408
 1408
 1409
 1409
 1409
 1409
 1409
 1409
 1410
 1410
 1410
 1410
 1410
 1410
 1411
 1411
 1411
 1411
 1411
 1412
 1412
 1413
 1413
 1413
 1413
 1413
 1413
 1414
 1414
 1414
 1414
 1414
 1414
 1414
 1415
 1415
 1415
 1415
 1415
 1415
 1415
 1416
 1416
 1416
 1416
 1416
 1416
 1416
 1416
 1416
 1416
 1416
 1416
 1416
 1416
 1416
 1416
 1416
 1416
 1416
 1417
 1417
 1417
 1417
 1417
 1417
 1417
 1417
 1417
 1417
 1417
 1418
 1418
 1418
 1418
 1418
 1418
 1418
 1419
 1419
 1419
 1419
 1419
 1419
 1419
 1419
 1419
 1420
 1420
 1420
 1420
 1420
 1420
 1420
 1420
 1421
 1421
 1421
 1421
 1421
 1421
 1421
 1421
 1421
 1421
 1421
 1421
 1421
 1422
 1422
 1422
 1422
 1422
 1422
 1422
 1422
 1422
 1422
 1422
 1422
 1422
 1423
 1423
 1423
 1423
 1423
 1423
 1423
 1423
 1423
 1423
 1423
 1424
 1424
 1424
 1424
 1424
 1424
 1424
 1424
 1425
 1425
 1425
 1425
 1425
 1425
 1425
 1425
 1425
 1425
 1426
 1426
 1426
 1426
 1426
 1426
 1426
 1426
 1426
 1426
 1426
 1426
 1426
 1426
 1426
 1426
 1426
 1427
 1427
 1427
 1427
 1427
 1427
 1427
 1427
 1427
 1427
 1427
 1427
 1427
 1428
 1428
 1428
 1428
 1428
 1428
 1428
 1428
 1428
 1428
 1428
 1428
 1429
 1429
 1429
 1429
 1429
 1429
 1429
 1430
 1430
 1430
 1430
 1430
 1430
 1430
 1430
 1430
 1430
 1430
 1431
 1431
 1431
 1431
 1431
 1431
 1431
 1431
 1432
 1432
 1432
 1432
 1432
 1432
 1432
 1432
 1433
 1433
 1433
 1433
 1433
 1433
 1433
 1433
 1434
 1434
 1434
 1434
 1434
 1434
 1434
 1435
 1435
 1435
 1435
 1435
 1435
 1435
 1436
 1436
 1436
 1436
 1436
 1436
 1436
 1436
 1436
 1436
 1436
 1437
 1437
 1437
 1438
 1438
 1438
 1438
 1438
 1438
 1438
 1438
 1439
 1439
 1439
 1439
 1439
 1439
 1440
 1440
 1440
 1440
 1440
 1440
 1440
 1440
 1440
 1440
 1440
 1440
 1440
 1440
 1441
 1441
 1441
 1441
 1441
 1441
 1441
 1441
 1442
 1442
 1442
 1442
 1442
 1442
 1442
 1442
 1442
 1442
 1442
 1443
 1443
 1443
 1443
 1443
 1443
 1443
 1443
 1443
 1443
 1443
 1443
 1443
 1443
 1443
 1444
 1444
 1444
 1444
 1444
 1444
 1444
 1444
 1444
 1444
 1444
 1445
 1445
 1445
 1445
 1445
 1445
 1445
 1445
 1445
 1445
 1445
 1445
 1445
 1446
 1446
 1446
 1446
 1446
 1446
 1446
 1446
 1446
 1447
 1447
 1447
 1447
 1447
 1447
 1448
 1448
 1448
 1448
 1448
 1448
 1448
 1449
 1449
 1449
 1449
 1449
 1449
 1449
 1449
 1450
 1450
 1450
 1450
 1451
 1451
 1451
 1451
 1452
 1452
 1452
 1452
 1452
 1452
 1453
 1453
 1453
 1454
 1454
 1454
 1454
 1455
 1455
 1455
 1455
 1456
 1456
 1456
 1456
 1456
 1456
 1457
 1457
 1457
 1457
 1458
 1458
 1458
 1458
 1458
 1459
 1459
 1459
 1459
 1459
 1460
 1460
 1460
 1460
 1460
 1460
 1460
 1460
 1460
 1460
 1460
 1461
 1461
 1461
 1461
 1462
 1462
 1462
 1462
 1463
 1463
 1463
 1464
 1464
 1464
 1464
 1464
 1465
 1465
 1465
 1466
 1466
 1466
 1467
 1468
 1468
 1468
 1468
 1468
 1468
 1469
 1470
 1470
 1470
 1471
 1471
 1471
 1471
 1472
 1472
 1472
 1473
 1473
 1473
 1473
 1473
 1474
 1474
 1474
 1474
 1474
 1474
 1475
 1476
 1476
 1477
 1477
 1478
 1478
 1478
 1479
 1479
 1480
 1480
 1481
 1482
 1482
 1482
 1482
 1482
 1484
 1484
 1484
 1484
 1484
 1484
 1484
 1484
 1484
 1484
 1484
 1484
 1485
 1485
 1485
 1486
 1488
 1488
 1488
 1489
 1490
 1490
 1491
 1491
 1491
 1494
 1496
 1496
 1496
 1497
 1498
 1500
 1500
 1500
 1502
 1503
 1503
 1503
 1504
 1505
 1505
 1505
 1506
 1506
 1507
 1508
 1508
 1509
 1509
 1509
 1509
 1509
 1511
 1512
 1512
 1513
 1513
 1514
 1514
 1515
 1516
 1516
 1517
 1517
 1517
 1518
 1518
 1519
 1519
 1519
 1519
 1520
 1521
 1521
 1521
 1522
 1522
 1522
 1523
 1523
 1523
 1524
 1527
 1527
 1530
 1530
 1531
 1532
 1532
 1532
 1533
 1533
 1533
 1534
 1534
 1534
 1535
 1535
 1535
 1536
 1536
 1537
 1537
 1537
 1538
 1538
 1538
 1538
 1539
 1539
 1539
 1539
 1540
 1540
 1541
 1542
 1543
 1543
 1544
 1545
 1546
 1546
 1547
 1547
 1547
 1548
 1549
 1550
 1551
 1553
 1557
 1557
 1558
 1560
 1566
 1566
 1568
 1571
 1576
 1578
 1580
 1584
 1612
 1615
 1682
 1683
 1705
 1707
 1707
 1710
 1720
 1721
 1731
 1733
 1733
 1733
 1734
 1734
 1734