 3
 3
 3
 3
 4
 4
 4
 4
 4
 4
 4
 4
 4
 4
 4
 4
 4
 4
 4
 4
 4
 4
 4
 4
 4
 4
 4
 4
 4
 4
 4
 4
 4
 4
 4
 4
 4
 4
 4
 4
 4
 4
 4
 4
 4
 4
 4
 4
 4
 4
 4
 4
 4
 4
 4
 4
 4
 4
 4
 4
 4
 4
 4
 4
 4
 4
 4
 4
 4
 4
 4
 4
 4
 4
 4
 4
 4
 4
 4
 4
 4
 4
 4
 4
 4
 4
 4
 4
 4
 4
 4
 4
 4
 4
 4
 4
 4
 4
 4
 4
 4
 4
 4
 4
 4
 4
 4
 4
 4
 4
 4
 4
 4
 4
 4
 4
 4
 4
 4
 4
 4
 4
 4
 4
 4
 4
 4
 4
 4
 4
 4
 4
 4
 4
 4
 4
 4
 4
 4
 4
 4
 4
 4
 4
 4
 4
 4
 4
 4
 4
 4
 4
 4
 4
 4
 4
 4
 4
 4
 4
 4
 4
 4
 4
 4
 4
 4
 4
 4
 4
 4
 5
 5
 5
 5
 5
 5
 5
 5
 5
 5
 5
 5
 5
 5
 5
 6
 6
 6
 6
 6
 6
 6
 6
 6
 6
 6
 6
 6
 6
 6
 6
 6
 6
 6
 6
 6
 6
 6
 6
 6
 6
 6
 6
 6
 6
 6
 6
 7
 7
 7
 7
 7
 7
 7
 7
 7
 7
 7
 7
 7
 7
 7
 7
 7
 7
 7
 7
 8
 35
 40
 40
 45
 45
 45
 47
 49
 51
 52
 71
 72
 73
 74
 75
 75
 75
 76
 76
 76
 76
 76
 77
 77
 77
 77
 77
 77
 77
 78
 78
 78
 79
 79
 79
 79
 79
 80
 80
 80
 80
 80
 80
 80
 80
 80
 81
 81
 81
 81
 81
 81
 81
 81
 81
 82
 82
 82
 82
 82
 82
 82
 82
 82
 82
 82
 83
 83
 83
 83
 83
 83
 83
 83
 83
 83
 84
 84
 84
 84
 84
 84
 84
 84
 84
 84
 84
 84
 85
 85
 85
 85
 85
 85
 85
 85
 85
 85
 85
 85
 85
 85
 85
 86
 86
 86
 86
 86
 86
 86
 86
 86
 86
 86
 86
 86
 86
 86
 86
 86
 87
 87
 87
 87
 87
 87
 87
 87
 87
 87
 87
 87
 87
 87
 87
 88
 88
 88
 88
 88
 88
 88
 88
 88
 89
 89
 89
 89
 89
 89
 89
 89
 89
 89
 89
 89
 89
 90
 90
 90
 90
 90
 90
 90
 90
 90
 90
 90
 90
 90
 90
 90
 90
 90
 90
 91
 91
 91
 91
 91
 91
 91
 91
 91
 91
 91
 91
 91
 92
 92
 92
 92
 92
 92
 92
 92
 92
 92
 92
 92
 92
 92
 93
 93
 93
 93
 93
 93
 93
 93
 93
 93
 93
 93
 93
 93
 93
 94
 94
 94
 94
 94
 94
 94
 95
 95
 95
 95
 95
 95
 96
 96
 96
 96
 96
 96
 97
 97
 97
 97
 97
 97
 98
 98
 98
 98
 98
 99
 99
 99
 99
 99
 99
 99
 99
 99
 99
 100
 100
 100
 100
 100
 100
 100
 101
 101
 101
 101
 101
 101
 102
 102
 102
 102
 102
 102
 102
 103
 103
 103
 103
 103
 104
 105
 105
 106
 106
 106
 107
 108
 109
 110
 113
 114
 116
 116
 118
 157
 157