 24
 25
 25
 25
 25
 25
 25
 25
 25
 25
 25
 25
 26
 26
 26
 26
 26
 26
 26
 26
 26
 26
 26
 27
 27
 27
 27
 27
 27
 27
 27
 27
 27
 27
 27
 28
 28
 28
 28
 28
 29
 29
 29
 30
 30
 30
 30
 30
 31
 31
 31
 33
 33
 34
 34
 34
 35
 35
 36
 36
 37
 38
 39
 39
 39
 40
 40
 40
 41
 41
 41
 41
 42
 42
 42
 42
 42
 42
 42
 42
 42
 42
 42
 42
 42
 42
 42
 42
 42
 42
 42
 42
 42
 42
 42
 42
 42
 43
 43
 43
 43
 43
 43
 43
 43
 43
 43
 43
 43
 43
 43
 43
 43
 43
 43
 43
 43
 43
 43
 43
 43
 43
 43
 43
 43
 43
 43
 43
 43
 43
 43
 43
 43
 43
 43
 43
 43
 43
 43
 43
 43
 43
 43
 43
 43
 43
 43
 43
 43
 43
 44
 44
 44
 44
 44
 44
 44
 44
 44
 44
 44
 44
 44
 44
 44
 44
 44
 44
 44
 44
 44
 44
 44
 44
 44
 44
 44
 44
 44
 44
 44
 44
 44
 44
 44
 44
 44
 44
 44
 44
 44
 44
 44
 44
 44
 44
 44
 44
 44
 44
 44
 44
 44
 44
 44
 44
 44
 44
 44
 44
 44
 44
 44
 44
 44
 44
 44
 45
 45
 45
 45
 45
 45
 45
 45
 45
 45
 45
 45
 45
 45
 45
 45
 45
 45
 45
 45
 45
 45
 45
 45
 45
 45
 45
 45
 45
 45
 45
 45
 45
 45
 45
 45
 45
 45
 45
 45
 45
 45
 45
 45
 45
 45
 45
 45
 45
 45
 45
 45
 45
 45
 45
 45
 45
 45
 45
 45
 45
 45
 45
 45
 45
 45
 45
 45
 45
 45
 45
 45
 45
 45
 45
 45
 46
 46
 46
 46
 46
 46
 46
 46
 46
 46
 46
 46
 46
 46
 46
 46
 46
 46
 46
 46
 46
 46
 46
 46
 46
 46
 46
 46
 46
 46
 46
 46
 46
 46
 46
 46
 46
 46
 46
 46
 46
 46
 46
 46
 47
 47
 47
 47
 47
 47
 47
 47
 47
 47
 47
 47
 47
 47
 47
 47
 47
 47
 47
 47
 47
 47
 47
 47
 47
 47
 47
 47
 47
 47
 47
 47
 47
 47
 47
 47
 47
 47
 47
 47
 47
 47
 47
 47
 48
 48
 48
 48
 48
 48
 48
 48
 48
 48
 48
 48
 48
 48
 48
 48
 48
 48
 48
 49
 49
 49
 49
 49
 49
 49
 49
 49
 49
 49
 49
 49
 49
 49
 50
 50
 50
 50
 50
 50
 50
 50
 50
 50
 50
 50
 50
 50
 51
 51
 51
 51
 51
 51
 51
 51
 51
 52
 52
 52
 52
 52
 52
 53
 53
 53
 53
 53
 53
 54
 54
 54
 54
 54
 54
 54
 54
 54
 55
 55
 55
 55
 55
 55
 55
 55
 55
 55
 55
 56
 56
 56
 56
 56
 56
 56
 56
 56
 56
 56
 56
 57
 57
 57
 57
 57
 57
 57
 57
 57
 57
 57
 58
 58
 58
 58
 58
 58
 58
 58
 58
 58
 58
 58
 59
 59
 59
 59
 59
 59
 60
 61
 61
 61
 61
 61
 61
 61
 62
 62
 62
 62
 63
 63
 63
 63
 64
 64
 64
 64
 64
 64
 64
 64
 65
 65
 65
 65
 65
 65
 65
 65
 65
 65
 65
 66
 66
 66
 66
 66
 66
 66
 66
 67
 67
 67
 67
 68
 68
 68
 68
 68
 68
 68
 68
 68
 69
 69
 69
 69
 69
 69
 69
 69
 70
 70
 70
 70
 70
 70
 71
 71
 71
 71
 72
 72
 72
 72
 72
 72
 72
 72
 72
 72
 72
 72
 72
 72
 72
 72
 73
 73
 73
 73
 73
 73
 73
 73
 73
 73
 73
 73
 73
 73
 73
 73
 73
 73
 74
 74
 74
 74
 74
 74
 74
 74
 74
 74
 74
 74
 74
 74
 74
 74
 74
 74
 74
 74
 74
 74
 75
 75
 75
 75
 75
 75
 75
 75
 75
 75
 75
 75
 75
 75
 75
 75
 75
 75
 75
 75
 75
 75
 75
 75
 75
 75
 75
 75
 75
 76
 76
 76
 76
 76
 76
 76
 76
 76
 76
 76
 76
 76
 76
 76
 76
 76
 76
 76
 76
 76
 76
 76
 76
 76
 77
 77
 77
 77
 77
 77
 77
 77
 77
 77
 77
 77
 77
 77
 77
 77
 78
 78
 78
 78
 78
 78
 78
 78
 78
 78
 78
 78
 78
 78
 78
 78
 78
 78
 78
 78
 78
 78
 78
 78
 78
 78
 78
 78
 78
 79
 79
 79
 79
 79
 79
 79
 79
 79
 79
 79
 79
 79
 79
 79
 79
 79
 79
 79
 79
 79
 79
 79
 79
 79
 79
 80
 80
 80
 80
 80
 80
 80
 80
 80
 80
 80
 80
 80
 80
 80
 80
 80
 80
 80
 80
 80
 80
 80
 80
 80
 80
 80
 80
 80
 80
 81
 81
 81
 81
 81
 81
 81
 81
 81
 81
 81
 81
 81
 81
 81
 81
 81
 81
 81
 81
 81
 81
 81
 81
 81
 82
 82
 82
 82
 82
 82
 82
 82
 82
 82
 82
 82
 82
 82
 82
 82
 82
 82
 82
 82
 82
 82
 82
 82
 82
 82
 82
 82
 82
 82
 82
 82
 83
 83
 83
 83
 83
 83
 83
 83
 83
 83
 83
 83
 83
 83
 83
 83
 83
 83
 83
 83
 83
 83
 83
 83
 83
 83
 83
 83
 83
 83
 83
 83
 83
 83
 83
 83
 83
 83
 83
 83
 83
 83
 83
 83
 83
 83
 83
 83
 83
 83
 83
 83
 83
 83
 83
 84
 84
 84
 84
 84
 84
 84
 84
 84
 84
 84
 84
 84
 84
 84
 84
 84
 84
 84
 84
 84
 84
 84
 84
 84
 84
 84
 84
 84
 84
 84
 84
 84
 84
 84
 84
 84
 84
 84
 84
 84
 84
 84
 84
 84
 84
 84
 84
 84
 84
 84
 84
 84
 84
 84
 84
 84
 84
 84
 84
 85
 85
 85
 85
 85
 85
 85
 85
 85
 85
 85
 85
 85
 85
 85
 85
 85
 85
 85
 85
 85
 85
 85
 85
 85
 85
 85
 85
 85
 85
 85
 85
 85
 85
 85
 85
 85
 85
 85
 85
 85
 85
 85
 85
 85
 85
 85
 85
 85
 85
 85
 85
 85
 85
 85
 85
 85
 85
 85
 85
 85
 86
 86
 86
 86
 86
 86
 86
 86
 86
 86
 86
 86
 86
 86
 86
 86
 86
 86
 86
 86
 86
 86
 86
 86
 86
 86
 86
 86
 86
 86
 86
 86
 86
 86
 86
 86
 86
 86
 86
 86
 86
 86
 86
 86
 86
 86
 86
 86
 86
 86
 86
 86
 86
 87
 87
 87
 87
 87
 87
 87
 87
 87
 87
 87
 87
 87
 87
 87
 87
 87
 87
 87
 87
 87
 87
 87
 87
 87
 87
 87
 87
 87
 87
 87
 87
 87
 87
 87
 87
 87
 87
 87
 87
 87
 87
 88
 88
 88
 88
 88
 88
 88
 88
 88
 88
 88
 88
 88
 88
 88
 88
 88
 88
 88
 88
 88
 88
 88
 88
 88
 88
 88
 88
 88
 88
 88
 88
 88
 88
 88
 88
 88
 88
 88
 88
 88
 88
 88
 88
 89
 89
 89
 89
 89
 89
 89
 89
 89
 89
 89
 89
 89
 89
 89
 89
 89
 89
 89
 89
 89
 89
 89
 89
 89
 89
 89
 89
 89
 89
 89
 89
 89
 89
 89
 89
 89
 89
 89
 89
 89
 89
 89
 89
 89
 89
 89
 89
 89
 89
 89
 89
 89
 89
 89
 90
 90
 90
 90
 90
 90
 90
 90
 90
 90
 90
 90
 90
 90
 90
 90
 90
 90
 90
 90
 90
 90
 90
 90
 90
 90
 90
 90
 90
 90
 90
 90
 90
 90
 90
 90
 90
 90
 90
 90
 90
 90
 90
 90
 91
 91
 91
 91
 91
 91
 91
 91
 91
 91
 91
 91
 91
 91
 91
 91
 91
 91
 91
 91
 91
 91
 91
 91
 91
 91
 91
 91
 91
 91
 91
 91
 91
 91
 91
 91
 91
 91
 91
 91
 91
 91
 91
 91
 91
 91
 91
 91
 91
 91
 91
 91
 91
 91
 91
 91
 92
 92
 92
 92
 92
 92
 92
 92
 92
 92
 92
 92
 92
 92
 92
 92
 92
 92
 92
 92
 92
 92
 92
 92
 92
 92
 92
 92
 92
 92
 93
 93
 93
 93
 93
 93
 93
 93
 93
 93
 93
 93
 93
 93
 93
 93
 93
 93
 93
 93
 93
 93
 93
 93
 93
 93
 93
 93
 93
 93
 93
 93
 93
 93
 93
 93
 94
 94
 94
 94
 94
 94
 94
 94
 94
 94
 94
 94
 94
 94
 94
 94
 94
 94
 94
 94
 94
 94
 94
 94
 94
 94
 94
 94
 94
 94
 95
 95
 95
 95
 95
 95
 95
 95
 95
 95
 95
 95
 95
 95
 95
 95
 95
 95
 95
 95
 95
 95
 95
 95
 95
 95
 95
 95
 95
 95
 95
 95
 95
 95
 95
 95
 96
 96
 96
 96
 96
 96
 96
 96
 96
 96
 96
 96
 96
 96
 96
 96
 96
 96
 96
 96
 96
 96
 96
 96
 96
 96
 96
 96
 96
 96
 96
 96
 96
 96
 97
 97
 97
 97
 97
 97
 97
 97
 97
 97
 97
 97
 97
 97
 97
 97
 97
 98
 98
 98
 98
 98
 98
 98
 98
 98
 98
 98
 98
 98
 98
 98
 98
 98
 98
 98
 98
 98
 98
 98
 99
 99
 99
 99
 99
 99
 99
 99
 99
 99
 99
 99
 99
 99
 99
 99
 99
 99
 99
 99
 99
 99
 99
 99
 99
 100
 100
 100
 100
 100
 100
 100
 100
 100
 100
 100
 100
 101
 101
 101
 101
 101
 101
 101
 101
 101
 101
 101
 101
 101
 101
 101
 101
 101
 101
 101
 101
 101
 101
 101
 102
 102
 102
 102
 102
 102
 102
 102
 102
 102
 102
 103
 103
 103
 103
 103
 103
 103
 103
 103
 103
 103
 103
 103
 103
 103
 103
 103
 103
 103
 103
 104
 104
 104
 104
 104
 104
 105
 105
 105
 105
 105
 105
 105
 105
 105
 105
 105
 105
 106
 106
 106
 106
 106
 106
 106
 106
 106
 106
 107
 107
 107
 107
 107
 108
 108
 108
 108
 108
 108
 109
 109
 109
 109
 109
 110
 110
 110
 110
 110
 111
 111
 111
 111
 111
 111
 112
 112
 112
 112
 112
 112
 112
 113
 113
 113
 113
 113
 114
 114
 114
 115
 115
 115
 115
 116
 116
 116
 117
 117
 117
 118
 118
 118
 118
 118
 119
 119
 119
 119
 119
 121
 121
 121
 122
 122
 122
 122
 122
 122
 123
 123
 123
 123
 123
 123
 123
 124
 124
 124
 124
 124
 125
 125
 127
 127
 127
 127
 127
 128
 128
 128
 129
 129
 129
 129
 130
 130
 130
 132
 132
 132
 133
 133
 133
 133
 135
 135
 137
 137
 137
 138
 138
 138
 140
 140
 141
 141
 141
 141
 142
 142
 143
 143
 143
 144
 145
 145
 145
 146
 146
 147
 148
 149
 150
 150
 150
 151
 152
 153
 153
 153
 153
 155
 157
 158
 159
 160
 160
 160
 162
 163
 163
 164
 165
 168
 170
 170
 171
 172
 172
 173
 174
 175
 176
 180
 181
 183
 183
 183
 183
 183
 184
 184
 187
 201
 229
 243
 1997
 2191
 2209
 2329
 2339
 2461
 2479
 2512
 2524
 2527
 2551
 2567
 2568
 2569
 2570
 2582
 2584
 2588
 2592
 2593
 2595
 2598
 2603
 2604
 2614
 2614
 2626
 2632
 2633
 2640
 2645
 2655
 2656
 2657
 2657
 2658
 2662
 2664
 2669
 2670
 2672
 2673
 2674
 2674
 2675
 2675
 2675
 2676
 2677
 2677
 2677
 2678
 2678
 2679
 2680
 2680
 2681
 2681
 2682
 2683
 2684
 2685
 2686
 2687
 2688
 2688
 2688
 2689
 2689
 2689
 2689
 2690
 2692
 2693
 2694
 2695
 2696
 2696
 2697
 2698
 2699
 2701
 2701
 2701
 2702
 2705
 2706
 2707
 2707
 2708
 2708
 2708
 2709
 2710
 2711
 2712
 2712
 2713
 2718
 2719
 2722
 2723
 2724
 2724
 2727
 2728
 2730
 2730
 2730
 2730
 2731
 2731
 2731
 2732
 2734
 2735
 2741
 2743
 2745
 2745
 2746
 2747
 2750
 2751
 2752
 2753
 2753
 2755
 2755
 2757
 2758
 2758
 2760
 2761
 2763
 2765
 2765
 2766
 2767
 2767
 2767
 2768
 2769
 2772
 2773
 2778
 2780
 2780
 2781
 2784
 2785
 2786
 2789
 2789
 2790
 2791
 2793
 2796
 2796
 2797
 2798
 2798
 2800
 2800
 2802
 2804
 2805
 2805
 2812
 2812
 2818
 2819
 2821
 2822
 2826
 2828
 2835
 2841
 2846
 2849
 2856
 2856
 2859
 2862
 2873
 2873
 2877
 2878
 2881
 2882
 2882
 2883
 2883
 2883
 2884
 2886
 2888
 2891
 2893
 2895
 2897
 2911
 2915
 2917
 2917
 2924
 2926
 2931
 2955
 2956
 2956
 2957
 2958
 2963
 2966
 2971
 2972
 2973
 2975
 2991
 2992
 2996
 3003
 3018
 3020
 3030
 3038
 3046
 3053
 3065
 3168
 4084
 4104
 4265
 4358
 4370
 4386
 4417
 4431
 4434
 4442
 4444
 4464
 4470
 4491
 4492
 4499
 4508
 4511
 4522
 4525
 4532
 4552
 4564
 4565
 4569
 4573
 4574
 4577
 4578
 4578
 4590
 4595
 4597
 4599
 4607
 4609
 4610
 4614
 4614
 4615
 4616
 4616
 4618
 4619
 4621
 4621
 4624
 4627
 4629
 4633
 4643
 4643
 4645
 4654
 4659
 4659
 4660
 4662
 4671
 4674
 4675
 4677
 4679
 4685
 4685
 4685
 4689
 4689
 4689
 4689
 4692
 4693
 4707
 4713
 4715
 4715
 4717
 4718
 4721
 4727
 4734
 4741
 4741
 4747
 4751
 4754
 4757
 4757
 4757
 4757
 4760
 4760
 4762
 4765
 4765
 4766
 4766
 4766
 4768
 4769
 4769
 4771
 4773
 4779
 4781
 4782
 4782
 4783
 4784
 4786
 4786
 4786
 4786
 4786
 4790
 4792
 4795
 4795
 4796
 4797
 4798
 4799
 4799
 4802
 4802
 4803
 4804
 4805
 4806
 4806
 4808
 4810
 4811
 4811
 4812
 4812
 4813
 4816
 4818
 4818
 4818
 4820
 4822
 4823
 4824
 4827
 4827
 4829
 4830
 4831
 4832
 4832
 4833
 4835
 4836
 4837
 4838
 4841
 4841
 4842
 4843
 4847
 4847
 4848
 4848
 4849
 4849
 4849
 4849
 4851
 4852
 4854
 4856
 4860
 4863
 4864
 4864
 4868
 4869
 4870
 4870
 4872
 4873
 4874
 4874
 4876
 4876
 4876
 4877
 4878
 4879
 4879
 4882
 4882
 4883
 4886
 4886
 4888
 4889
 4890
 4891
 4892
 4892
 4893
 4895
 4896
 4897
 4897
 4898
 4898
 4899
 4899
 4899
 4901
 4903
 4904
 4904
 4904
 4905
 4906
 4907
 4908
 4910
 4910
 4911
 4912
 4912
 4912
 4914
 4915
 4917
 4918
 4919
 4920
 4921
 4921
 4922
 4923
 4923
 4924
 4925
 4925
 4926
 4926
 4926
 4927
 4928
 4928
 4929
 4930
 4932
 4933
 4933
 4934
 4934
 4934
 4935
 4935
 4936
 4936
 4938
 4939
 4941
 4941
 4943
 4943
 4944
 4946
 4946
 4946
 4947
 4947
 4948
 4948
 4948
 4949
 4950
 4952
 4952
 4953
 4953
 4953
 4956
 4958
 4959
 4959
 4960
 4962
 4962
 4963
 4963
 4963
 4963
 4965
 4966
 4966
 4967
 4968
 4969
 4970
 4970
 4971
 4972
 4973
 4973
 4974
 4975
 4975
 4975
 4975
 4975
 4977
 4980
 4980
 4982
 4983
 4984
 4984
 4984
 4984
 4985
 4986
 4986
 4988
 4988
 4988
 4989
 4990
 4990
 4991
 4991
 4991
 4992
 4992
 4995
 4995
 4995
 4996
 4998
 4998
 5000
 5001
 5001
 5003
 5004
 5004
 5005
 5006
 5009
 5009
 5010
 5010
 5010
 5011
 5011
 5012
 5012
 5012
 5013
 5016
 5017
 5017
 5018
 5019
 5019
 5019
 5020
 5021
 5021
 5021
 5022
 5022
 5022
 5023
 5023
 5024
 5025
 5025
 5026
 5026
 5026
 5027
 5027
 5027
 5027
 5028
 5028
 5028
 5029
 5029
 5030
 5031
 5032
 5032
 5033
 5033
 5034
 5034
 5035
 5035
 5036
 5036
 5037
 5037
 5037
 5038
 5039
 5039
 5040
 5040
 5040
 5041
 5042
 5042
 5044
 5044
 5044
 5045
 5045
 5046
 5046
 5046
 5047
 5047
 5048
 5048
 5049
 5050
 5051
 5052
 5052
 5054
 5054
 5054
 5055
 5055
 5056
 5056
 5056
 5057
 5057
 5059
 5060
 5060
 5061
 5061
 5061
 5061
 5061
 5061
 5063
 5063
 5064
 5065
 5065
 5066
 5066
 5066
 5066
 5066
 5067
 5067
 5067
 5068
 5068
 5068
 5069
 5069
 5069
 5069
 5070
 5071
 5071
 5071
 5071
 5072
 5072
 5072
 5072
 5072
 5072
 5073
 5073
 5073
 5073
 5073
 5073
 5074
 5075
 5076
 5077
 5077
 5078
 5078
 5079
 5080
 5080
 5080
 5080
 5081
 5081
 5082
 5082
 5082
 5083
 5083
 5083
 5083
 5084
 5084
 5084
 5086
 5086
 5087
 5088
 5088
 5088
 5089
 5089
 5089
 5089
 5089
 5089
 5091
 5091
 5091
 5092
 5093
 5093
 5093
 5094
 5094
 5095
 5095
 5096
 5096
 5096
 5096
 5097
 5097
 5098
 5098
 5098
 5098
 5098
 5099
 5099
 5099
 5100
 5101
 5101
 5102
 5102
 5104
 5104
 5104
 5104
 5104
 5104
 5105
 5105
 5105
 5106
 5106
 5106
 5106
 5106
 5107
 5108
 5108
 5109
 5109
 5110
 5110
 5111
 5111
 5111
 5113
 5113
 5113
 5114
 5114
 5114
 5115
 5115
 5115
 5115
 5115
 5116
 5116
 5116
 5117
 5117
 5118
 5118
 5118
 5118
 5118
 5119
 5119
 5120
 5120
 5120
 5120
 5120
 5120
 5121
 5121
 5121
 5122
 5122
 5122
 5122
 5122
 5122
 5122
 5123
 5127
 5128
 5128
 5128
 5128
 5129
 5129
 5129
 5130
 5130
 5130
 5130
 5131
 5131
 5131
 5131
 5132
 5132
 5132
 5133
 5134
 5135
 5136
 5137
 5137
 5137
 5140
 5140
 5141
 5141
 5144
 5144
 5145
 5146
 5146
 5147
 5147
 5148
 5148
 5148
 5149
 5149
 5149
 5150
 5150
 5150
 5150
 5151
 5152
 5152
 5153
 5153
 5156
 5157
 5157
 5158
 5158
 5158
 5158
 5159
 5159
 5159
 5159
 5160
 5160
 5161
 5161
 5161
 5162
 5162
 5163
 5163
 5164
 5164
 5165
 5165
 5165
 5165
 5165
 5166
 5167
 5167
 5167
 5167
 5167
 5168
 5168
 5168
 5168
 5169
 5169
 5169
 5170
 5170
 5171
 5171
 5171
 5172
 5172
 5173
 5175
 5178
 5178
 5179
 5179
 5179
 5179
 5181
 5182
 5183
 5183
 5184
 5184
 5185
 5186
 5187
 5187
 5187
 5188
 5188
 5189
 5189
 5189
 5189
 5190
 5190
 5190
 5191
 5191
 5191
 5191
 5191
 5192
 5192
 5193
 5193
 5193
 5194
 5194
 5195
 5196
 5196
 5196
 5196
 5197
 5197
 5198
 5199
 5200
 5201
 5201
 5201
 5202
 5202
 5202
 5206
 5206
 5208
 5209
 5209
 5210
 5211
 5214
 5214
 5214
 5214
 5214
 5214
 5215
 5216
 5216
 5216
 5217
 5217
 5218
 5218
 5220
 5224
 5224
 5224
 5224
 5225
 5225
 5226
 5226
 5226
 5226
 5228
 5228
 5230
 5230
 5231
 5231
 5232
 5232
 5233
 5233
 5234
 5235
 5238
 5238
 5238
 5238
 5239
 5239
 5239
 5240
 5240
 5240
 5241
 5241
 5241
 5241
 5242
 5243
 5243
 5243
 5243
 5244
 5244
 5245
 5245
 5245
 5245
 5245
 5245
 5246
 5246
 5246
 5247
 5247
 5247
 5248
 5250
 5251
 5252
 5253
 5253
 5253
 5254
 5255
 5256
 5256
 5256
 5257
 5257
 5258
 5258
 5258
 5259
 5259
 5259
 5259
 5261
 5261
 5261
 5262
 5262
 5262
 5263
 5263
 5267
 5267
 5268
 5269
 5269
 5270
 5271
 5272
 5275
 5275
 5276
 5276
 5276
 5276
 5277
 5277
 5277
 5277
 5278
 5278
 5278
 5279
 5279
 5279
 5281
 5282
 5282
 5283
 5283
 5283
 5283
 5284
 5284
 5285
 5286
 5286
 5286
 5288
 5288
 5288
 5288
 5289
 5290
 5290
 5290
 5291
 5292
 5292
 5292
 5293
 5293
 5294
 5294
 5295
 5295
 5296
 5296
 5296
 5297
 5297
 5297
 5297
 5297
 5297
 5298
 5299
 5299
 5299
 5300
 5300
 5300
 5300
 5301
 5301
 5301
 5302
 5302
 5302
 5303
 5303
 5303
 5303
 5304
 5304
 5304
 5305
 5305
 5305
 5306
 5306
 5306
 5306
 5307
 5307
 5307
 5307
 5308
 5308
 5309
 5309
 5309
 5309
 5310
 5311
 5311
 5313
 5313
 5313
 5313
 5315
 5315
 5315
 5315
 5316
 5316
 5316
 5317
 5317
 5317
 5317
 5318
 5318
 5318
 5318
 5318
 5319
 5319
 5320
 5321
 5322
 5322
 5322
 5322
 5323
 5324
 5324
 5324
 5324
 5325
 5325
 5325
 5326
 5326
 5326
 5326
 5326
 5326
 5327
 5328
 5328
 5328
 5329
 5329
 5329
 5330
 5330
 5331
 5331
 5332
 5332
 5333
 5333
 5333
 5333
 5334
 5334
 5334
 5334
 5335
 5335
 5335
 5335
 5335
 5336
 5336
 5336
 5337
 5337
 5337
 5337
 5338
 5338
 5338
 5338
 5338
 5339
 5340
 5340
 5340
 5340
 5340
 5341
 5341
 5341
 5342
 5343
 5343
 5343
 5343
 5343
 5344
 5344
 5344
 5345
 5345
 5345
 5345
 5346
 5346
 5346
 5346
 5347
 5347
 5347
 5348
 5348
 5349
 5349
 5349
 5349
 5349
 5349
 5350
 5350
 5350
 5350
 5351
 5351
 5351
 5351
 5351
 5351
 5351
 5351
 5351
 5351
 5351
 5352
 5352
 5352
 5352
 5353
 5353
 5353
 5353
 5353
 5353
 5353
 5353
 5353
 5354
 5354
 5354
 5355
 5355
 5355
 5355
 5355
 5356
 5356
 5356
 5357
 5357
 5357
 5358
 5358
 5358
 5359
 5359
 5359
 5359
 5359
 5359
 5360
 5360
 5361
 5361
 5362
 5362
 5362
 5362
 5362
 5362
 5362
 5362
 5362
 5363
 5363
 5363
 5363
 5363
 5363
 5364
 5364
 5365
 5365
 5365
 5365
 5366
 5366
 5366
 5366
 5366
 5367
 5367
 5367
 5367
 5367
 5368
 5368
 5368
 5368
 5369
 5369
 5369
 5369
 5369
 5370
 5370
 5370
 5370
 5370
 5370
 5370
 5370
 5371
 5371
 5371
 5372
 5372
 5372
 5372
 5372
 5373
 5373
 5373
 5373
 5373
 5373
 5373
 5374
 5374
 5374
 5374
 5374
 5374
 5375
 5375
 5375
 5376
 5376
 5376
 5376
 5376
 5376
 5376
 5376
 5376
 5376
 5376
 5377
 5377
 5377
 5377
 5378
 5378
 5378
 5378
 5378
 5378
 5379
 5379
 5379
 5379
 5380
 5380
 5380
 5380
 5380
 5380
 5381
 5381
 5381
 5382
 5382
 5382
 5382
 5383
 5383
 5383
 5383
 5383
 5383
 5383
 5383
 5384
 5384
 5384
 5384
 5384
 5385
 5385
 5385
 5385
 5385
 5386
 5386
 5386
 5386
 5387
 5387
 5387
 5387
 5388
 5388
 5388
 5388
 5388
 5389
 5389
 5389
 5389
 5389
 5390
 5390
 5391
 5391
 5391
 5391
 5391
 5391
 5391
 5391
 5391
 5392
 5392
 5392
 5393
 5393
 5393
 5393
 5393
 5393
 5393
 5394
 5394
 5395
 5395
 5395
 5395
 5395
 5396
 5396
 5396
 5396
 5396
 5397
 5397
 5398
 5398
 5398
 5398
 5398
 5398
 5398
 5399
 5399
 5399
 5401
 5402
 5402
 5402
 5403
 5403
 5403
 5403
 5404
 5404
 5404
 5404
 5404
 5404
 5405
 5405
 5405
 5405
 5405
 5405
 5405
 5406
 5406
 5406
 5406
 5407
 5407
 5408
 5409
 5410
 5410
 5410
 5410
 5410
 5410
 5410
 5410
 5410
 5411
 5411
 5411
 5412
 5412
 5412
 5412
 5412
 5413
 5413
 5413
 5413
 5413
 5413
 5414
 5414
 5414
 5414
 5414
 5415
 5415
 5415
 5415
 5415
 5415
 5415
 5415
 5415
 5415
 5416
 5416
 5416
 5416
 5416
 5416
 5416
 5417
 5417
 5417
 5417
 5417
 5417
 5417
 5418
 5418
 5418
 5418
 5418
 5418
 5418
 5419
 5419
 5419
 5419
 5419
 5419
 5419
 5420
 5420
 5420
 5420
 5420
 5420
 5421
 5421
 5421
 5421
 5421
 5422
 5422
 5423
 5423
 5424
 5424
 5424
 5425
 5425
 5425
 5425
 5425
 5425
 5425
 5425
 5426
 5426
 5426
 5426
 5427
 5427
 5427
 5427
 5427
 5428
 5428
 5428
 5428
 5428
 5428
 5428
 5428
 5429
 5429
 5429
 5429
 5430
 5430
 5431
 5431
 5431
 5431
 5431
 5432
 5432
 5432
 5432
 5433
 5433
 5433
 5433
 5433
 5434
 5434
 5435
 5435
 5435
 5435
 5436
 5436
 5436
 5436
 5436
 5436
 5437
 5437
 5438
 5438
 5438
 5438
 5439
 5439
 5439
 5439
 5439
 5439
 5439
 5439
 5439
 5439
 5439
 5439
 5440
 5440
 5440
 5440
 5440
 5440
 5440
 5441
 5441
 5441
 5441
 5442
 5442
 5442
 5442
 5442
 5442
 5442
 5442
 5442
 5443
 5443
 5443
 5443
 5443
 5443
 5443
 5443
 5443
 5444
 5444
 5444
 5444
 5444
 5445
 5445
 5445
 5445
 5445
 5445
 5445
 5446
 5446
 5446
 5446
 5446
 5447
 5447
 5447
 5448
 5448
 5448
 5448
 5448
 5448
 5448
 5449
 5449
 5449
 5449
 5449
 5449
 5449
 5449
 5449
 5449
 5449
 5450
 5450
 5450
 5450
 5450
 5450
 5450
 5450
 5450
 5450
 5450
 5451
 5451
 5451
 5452
 5452
 5452
 5452
 5452
 5453
 5453
 5453
 5454
 5454
 5455
 5455
 5455
 5455
 5455
 5456
 5456
 5456
 5456
 5456
 5456
 5456
 5457
 5457
 5457
 5457
 5457
 5457
 5458
 5458
 5458
 5459
 5459
 5460
 5460
 5460
 5460
 5460
 5460
 5460
 5461
 5461
 5461
 5462
 5462
 5462
 5462
 5462
 5462
 5462
 5462
 5463
 5463
 5463
 5463
 5463
 5463
 5463
 5463
 5463
 5463
 5463
 5463
 5464
 5464
 5464
 5465
 5465
 5465
 5465
 5465
 5465
 5465
 5465
 5466
 5466
 5466
 5466
 5466
 5466
 5466
 5466
 5467
 5467
 5467
 5467
 5467
 5467
 5467
 5467
 5467
 5468
 5468
 5468
 5468
 5469
 5469
 5469
 5469
 5469
 5470
 5470
 5471
 5471
 5471
 5471
 5471
 5471
 5471
 5471
 5472
 5472
 5472
 5472
 5472
 5472
 5472
 5472
 5473
 5473
 5473
 5473
 5473
 5473
 5473
 5473
 5473
 5473
 5473
 5473
 5473
 5474
 5474
 5474
 5474
 5474
 5474
 5474
 5474
 5474
 5475
 5475
 5475
 5475
 5475
 5475
 5476
 5476
 5476
 5476
 5476
 5476
 5476
 5476
 5477
 5477
 5477
 5477
 5477
 5477
 5477
 5478
 5478
 5478
 5478
 5478
 5479
 5479
 5479
 5479
 5479
 5479
 5479
 5479
 5479
 5479
 5480
 5480
 5481
 5481
 5482
 5482
 5482
 5482
 5482
 5482
 5483
 5483
 5483
 5483
 5483
 5484
 5484
 5484
 5484
 5484
 5484
 5484
 5484
 5484
 5484
 5484
 5485
 5485
 5485
 5485
 5486
 5486
 5486
 5486
 5487
 5487
 5487
 5487
 5487
 5487
 5487
 5488
 5488
 5488
 5488
 5488
 5488
 5488
 5489
 5489
 5489
 5489
 5489
 5489
 5489
 5489
 5489
 5490
 5490
 5490
 5490
 5491
 5491
 5491
 5491
 5491
 5491
 5491
 5492
 5492
 5492
 5492
 5493
 5493
 5493
 5493
 5493
 5494
 5494
 5494
 5494
 5494
 5494
 5495
 5495
 5495
 5495
 5495
 5495
 5496
 5496
 5496
 5496
 5496
 5496
 5496
 5496
 5496
 5496
 5497
 5497
 5497
 5497
 5497
 5497
 5497
 5497
 5498
 5498
 5498
 5498
 5498
 5498
 5498
 5498
 5498
 5499
 5499
 5499
 5499
 5499
 5499
 5500
 5500
 5500
 5500
 5500
 5500
 5501
 5501
 5501
 5501
 5501
 5501
 5502
 5502
 5503
 5503
 5503
 5503
 5503
 5504
 5504
 5504
 5505
 5505
 5505
 5505
 5505
 5506
 5506
 5506
 5507
 5507
 5508
 5508
 5508
 5508
 5509
 5509
 5509
 5509
 5509
 5509
 5510
 5510
 5511
 5511
 5511
 5511
 5512
 5512
 5513
 5513
 5513
 5513
 5514
 5515
 5515
 5516
 5516
 5516
 5517
 5517
 5517
 5517
 5517
 5517
 5517
 5517
 5517
 5518
 5518
 5518
 5519
 5519
 5519
 5519
 5520
 5520
 5520
 5520
 5520
 5521
 5521
 5521
 5521
 5521
 5521
 5522
 5522
 5522
 5522
 5523
 5523
 5523
 5523
 5523
 5524
 5524
 5524
 5524
 5525
 5525
 5525
 5525
 5525
 5525
 5526
 5526
 5527
 5527
 5527
 5527
 5527
 5527
 5527
 5528
 5528
 5528
 5528
 5528
 5528
 5528
 5528
 5529
 5529
 5529
 5529
 5529
 5531
 5531
 5532
 5533
 5534
 5534
 5535
 5535
 5535
 5536
 5536
 5536
 5536
 5536
 5536
 5536
 5537
 5537
 5537
 5537
 5537
 5537
 5537
 5537
 5538
 5538
 5538
 5538
 5538
 5539
 5539
 5539
 5539
 5539
 5539
 5539
 5540
 5541
 5541
 5541
 5541
 5542
 5542
 5542
 5543
 5543
 5543
 5543
 5543
 5544
 5544
 5544
 5544
 5544
 5544
 5544
 5545
 5546
 5546
 5546
 5546
 5546
 5547
 5547
 5548
 5548
 5548
 5548
 5548
 5548
 5548
 5549
 5551
 5551
 5551
 5551
 5551
 5552
 5552
 5552
 5552
 5552
 5552
 5553
 5553
 5554
 5555
 5555
 5555
 5557
 5557
 5557
 5557
 5557
 5557
 5557
 5558
 5559
 5559
 5560
 5560
 5560
 5561
 5561
 5561
 5561
 5563
 5563
 5563
 5563
 5564
 5564
 5564
 5564
 5564
 5564
 5565
 5565
 5565
 5566
 5567
 5567
 5568
 5568
 5568
 5568
 5569
 5569
 5571
 5572
 5572
 5573
 5574
 5575
 5575
 5577
 5577
 5577
 5577
 5577
 5578
 5579
 5579
 5580
 5581
 5581
 5581
 5582
 5582
 5583
 5585
 5586
 5586
 5586
 5586
 5586
 5587
 5587
 5587
 5587
 5588
 5588
 5588
 5590
 5590
 5591
 5592
 5592
 5593
 5593
 5593
 5594
 5594
 5594
 5595
 5595
 5596
 5596
 5596
 5596
 5597
 5598
 5598
 5599
 5600
 5601
 5601
 5603
 5603
 5603
 5604
 5605
 5605
 5605
 5605
 5605
 5605
 5605
 5605
 5606
 5606
 5606
 5606
 5606
 5606
 5606
 5606
 5608
 5608
 5608
 5608
 5608
 5609
 5609
 5609
 5610
 5610
 5610
 5612
 5612
 5612
 5613
 5613
 5613
 5613
 5614
 5614
 5614
 5615
 5615
 5615
 5616
 5617
 5617
 5617
 5617
 5618
 5618
 5618
 5618
 5618
 5619
 5619
 5619
 5619
 5620
 5620
 5621
 5621
 5621
 5621
 5621
 5622
 5624
 5627
 5627
 5628
 5628
 5629
 5630
 5631
 5631
 5631
 5633
 5633
 5634
 5634
 5635
 5635
 5635
 5636
 5636
 5637
 5637
 5637
 5637
 5637
 5638
 5639
 5640
 5640
 5640
 5640
 5641
 5641
 5641
 5641
 5642
 5643
 5643
 5644
 5644
 5645
 5645
 5646
 5646
 5647
 5648
 5648
 5649
 5650
 5650
 5650
 5651
 5652
 5652
 5653
 5653
 5653
 5654
 5654
 5654
 5657
 5657
 5657
 5658
 5659
 5660
 5661
 5661
 5664
 5664
 5665
 5665
 5666
 5669
 5672
 5672
 5672
 5675
 5676
 5676
 5677
 5677
 5677
 5677
 5678
 5678
 5678
 5678
 5679
 5682
 5682
 5683
 5686
 5686
 5686
 5687
 5688
 5688
 5688
 5689
 5689
 5689
 5690
 5690
 5690
 5691
 5691
 5694
 5694
 5695
 5698
 5698
 5698
 5698
 5699
 5699
 5701
 5702
 5702
 5703
 5704
 5704
 5705
 5706
 5708
 5708
 5709
 5711
 5711
 5711
 5712
 5712
 5712
 5713
 5713
 5713
 5714
 5714
 5715
 5716
 5716
 5717
 5718
 5719
 5722
 5722
 5722
 5723
 5724
 5724
 5727
 5730
 5731
 5731
 5731
 5734
 5738
 5740
 5741
 5741
 5742
 5743
 5750
 5752
 5755
 5756
 5756
 5760
 5760
 5761
 5762
 5762
 5763
 5765
 5765
 5768
 5768
 5769
 5772
 5776
 5777
 5779
 5779
 5780
 5780
 5785
 5785
 5785
 5785
 5785
 5789
 5791
 5794
 5795
 5797
 5799
 5801
 5802
 5804
 5804
 5806
 5808
 5815
 5823
 5825
 5836
 5838
 5838
 5841
 5841
 5849
 5851
 5851
 5853
 5854
 5854
 5856
 5857
 5859
 5867
 5870
 5882
 5883
 5886
 5889
 5895
 5902
 5902
 5903
 5904
 5908
 5913
 5920
 5922
 5937
 5939
 5940
 5945
 5954
 5956
 5956
 5958
 5960
 5960
 5960
 5973
 5977
 5997
 6022
 6069
 6071
 6076
 6105
 6124
 6138
 6138
 6141
 6160
 6160
 6161
 6179
 6185
 6187
 6195
 6202
 6231
 6239
 6239
 6239
 6239
 6240
 6240
 6240
 6243
 6246
 6254
 6254
 6267
 6283
 6336
 6427