 8
 8
 8
 8
 8
 8
 8
 8
 8
 8
 8
 8
 9
 9
 9
 9
 9
 9
 9
 9
 9
 10
 11
 11
 11
 11
 11
 11
 11
 11
 11
 11
 11
 11
 12
 12
 12
 12
 12
 12
 12
 12
 12
 12
 13
 13
 13
 13
 13
 13
 13
 13
 13
 13
 13
 13
 13
 13
 13
 14
 14
 14
 14
 14
 14
 14
 14
 14
 14
 14
 14
 14
 14
 14
 14
 14
 14
 14
 14
 14
 14
 14
 14
 14
 14
 14
 14
 14
 14
 14
 14
 14
 14
 14
 14
 14
 14
 14
 14
 14
 14
 14
 14
 14
 14
 14
 14
 14
 14
 14
 14
 14
 14
 14
 14
 14
 14
 14
 14
 14
 14
 14
 14
 14
 14
 14
 14
 14
 14
 14
 14
 14
 14
 14
 14
 14
 14
 14
 14
 14
 14
 14
 14
 14
 14
 14
 14
 14
 15
 15
 15
 15
 15
 15
 15
 15
 15
 15
 15
 15
 15
 15
 15
 15
 15
 15
 15
 15
 15
 15
 15
 15
 15
 15
 15
 15
 15
 15
 15
 15
 15
 15
 15
 15
 15
 15
 15
 15
 15
 15
 15
 15
 15
 15
 15
 15
 15
 15
 15
 15
 15
 15
 15
 15
 15
 15
 15
 15
 15
 15
 15
 15
 15
 15
 15
 15
 15
 15
 15
 15
 15
 15
 15
 15
 15
 15
 15
 15
 15
 15
 15
 15
 15
 15
 15
 15
 15
 15
 15
 15
 15
 15
 15
 15
 15
 15
 15
 15
 15
 15
 15
 15
 15
 15
 15
 15
 15
 15
 15
 15
 15
 15
 15
 15
 15
 15
 15
 15
 15
 15
 15
 15
 15
 15
 15
 15
 15
 15
 15
 15
 15
 15
 15
 15
 15
 15
 15
 15
 15
 15
 15
 15
 15
 15
 15
 15
 15
 15
 15
 15
 15
 15
 15
 15
 15
 15
 15
 15
 15
 15
 15
 15
 15
 15
 15
 15
 15
 15
 15
 15
 15
 15
 15
 15
 15
 15
 15
 15
 15
 15
 15
 15
 15
 15
 15
 15
 15
 15
 15
 15
 15
 15
 15
 15
 15
 15
 15
 15
 15
 15
 15
 15
 15
 15
 15
 15
 15
 15
 15
 15
 15
 15
 15
 15
 15
 15
 15
 16
 16
 16
 16
 16
 16
 16
 16
 16
 16
 16
 16
 16
 16
 16
 16
 16
 16
 16
 16
 16
 16
 16
 16
 16
 16
 16
 16
 16
 16
 16
 16
 16
 16
 16
 16
 16
 16
 16
 16
 16
 16
 16
 16
 16
 16
 16
 16
 16
 16
 16
 16
 16
 16
 16
 16
 16
 16
 16
 16
 16
 16
 16
 16
 16
 16
 16
 16
 16
 16
 16
 16
 16
 16
 16
 16
 16
 16
 16
 16
 16
 16
 16
 16
 16
 16
 16
 16
 16
 16
 16
 16
 17
 17
 17
 17
 17
 17
 17
 17
 17
 17
 17
 17
 17
 17
 17
 17
 17
 17
 17
 17
 17
 18
 18
 18
 18
 18
 18
 18
 18
 18
 18
 18
 19
 19
 19
 19
 19
 19
 19
 20
 20
 20
 20
 20
 20
 21
 21
 21
 21
 21
 21
 21
 22
 22
 23
 23
 23
 24
 24
 26
 30
 70
 94
 141
 164
 165
 170
 174
 175
 177
 183
 188
 188
 192
 192
 192
 195
 200
 200
 200
 201
 202
 203
 203
 203
 203
 204
 204
 204
 204
 204
 204
 205
 206
 206
 208
 209
 209
 210
 210
 210
 211
 211
 212
 212
 213
 213
 214
 214
 214
 214
 214
 214
 215
 215
 215
 216
 216
 216
 217
 217
 217
 217
 218
 218
 218
 218
 218
 218
 218
 218
 218
 218
 218
 218
 219
 220
 220
 220
 220
 220
 220
 220
 220
 221
 221
 221
 221
 221
 221
 223
 223
 223
 224
 224
 225
 225
 226
 227
 227
 228
 228
 228
 228
 229
 229
 230
 230
 231
 231
 232
 232
 232
 232
 232
 233
 233
 233
 233
 234
 234
 234
 234
 234
 234
 235
 235
 235
 235
 235
 235
 235
 236
 236
 236
 236
 236
 236
 237
 237
 238
 238
 239
 242
 242
 243
 243
 243
 243
 243
 244
 245
 245
 245
 247
 248
 249
 249
 249
 250
 250
 251
 252
 252
 252
 253
 254
 255
 264
 265
 265
 265
 266
 266
 266
 267
 268
 272
 272
 274
 275
 276
 276
 278
 282
 284
 292
 293
 298
 306
 316
 320
 320
 321
 322
 322
 322
 327
 328
 328
 329
 329
 332
 333
 336
 336
 336
 337
 337
 337
 337
 338
 339
 339
 339
 339
 340
 340
 340
 340
 343
 345
 345
 346
 346
 347
 348
 348
 348
 349
 350
 351
 351
 352
 352
 352
 352
 353
 354
 354
 355
 355
 355
 356
 356
 356
 356
 356
 356
 357
 357
 359
 359
 359
 360
 360
 360
 362
 362
 363
 363
 363
 363
 364
 364
 365
 365
 366
 366
 366
 366
 366
 367
 367
 367
 367
 367
 367
 368
 368
 368
 368
 368
 369
 369
 369
 369
 370
 370
 370
 370
 370
 371
 371
 371
 371
 371
 371
 371
 371
 372
 372
 372
 372
 372
 372
 372
 372
 372
 372
 372
 372
 372
 372
 372
 372
 373
 373
 373
 373
 373
 373
 373
 373
 373
 373
 373
 373
 373
 373
 373
 374
 374
 374
 374
 374
 374
 374
 374
 374
 374
 374
 374
 374
 374
 374
 375
 375
 375
 375
 375
 375
 375
 375
 375
 375
 376
 376
 376
 376
 376
 376
 376
 376
 376
 376
 376
 376
 376
 376
 377
 377
 377
 377
 377
 377
 377
 377
 377
 377
 377
 377
 377
 378
 378
 378
 378
 378
 378
 378
 378
 378
 378
 378
 378
 378
 378
 378
 378
 378
 378
 379
 379
 379
 379
 379
 379
 379
 379
 379
 379
 379
 379
 379
 379
 379
 379
 379
 379
 379
 380
 380
 380
 380
 380
 380
 380
 380
 380
 380
 380
 380
 380
 381
 381
 381
 381
 381
 381
 381
 381
 381
 381
 381
 381
 381
 381
 381
 382
 382
 382
 382
 382
 382
 382
 382
 382
 382
 382
 383
 383
 383
 383
 383
 383
 383
 383
 383
 383
 383
 383
 383
 383
 383
 383
 383
 383
 384
 384
 384
 384
 384
 384
 384
 384
 384
 384
 384
 384
 384
 384
 384
 384
 384
 385
 385
 385
 385
 385
 385
 385
 385
 385
 385
 385
 385
 385
 386
 386
 386
 386
 386
 386
 386
 386
 386
 386
 386
 386
 386
 386
 386
 386
 387
 387
 387
 387
 387
 387
 387
 387
 387
 387
 387
 387
 387
 388
 388
 388
 388
 388
 388
 389
 389
 389
 389
 389
 389
 389
 389
 389
 389
 389
 390
 390
 390
 390
 390
 390
 390
 390
 390
 390
 390
 390
 391
 391
 391
 391
 391
 391
 391
 391
 391
 391
 391
 391
 391
 391
 391
 392
 392
 392
 392
 392
 392
 392
 392
 392
 392
 393
 393
 393
 393
 393
 393
 393
 393
 393
 394
 394
 394
 394
 394
 394
 394
 395
 395
 395
 395
 395
 395
 395
 395
 396
 396
 396
 396
 396
 396
 396
 396
 396
 397
 397
 397
 397
 397
 397
 397
 397
 398
 398
 398
 398
 398
 398
 398
 398
 399
 399
 399
 399
 399
 399
 399
 399
 399
 399
 399
 400
 400
 400
 400
 401
 401
 401
 401
 401
 401
 401
 401
 402
 402
 402
 403
 403
 403
 403
 403
 403
 403
 403
 403
 403
 403
 403
 403
 403
 404
 404
 404
 404
 404
 404
 404
 404
 405
 405
 405
 405
 405
 405
 405
 405
 406
 406
 406
 406
 406
 406
 406
 406
 406
 406
 407
 407
 407
 407
 407
 407
 407
 408
 408
 408
 408
 408
 409
 409
 409
 410
 410
 410
 410
 411
 411
 411
 412
 413
 413
 413
 414
 414
 414
 414
 414
 415
 416
 416
 416
 416
 416
 416
 416
 416
 417
 417
 417
 418
 419
 419
 419
 419
 420
 420
 420
 420
 420
 420
 420
 420
 420
 420
 420
 421
 421
 421
 421
 421
 421
 421
 422
 422
 422
 422
 422
 423
 423
 423
 424
 424
 424
 424
 424
 425
 425
 425
 425
 425
 425
 426
 426
 426
 426
 427
 427
 427
 428
 428
 428
 428
 429
 429
 429
 430
 430
 430
 430
 430
 430
 431
 431
 431
 432
 432
 432
 432
 433
 434
 434
 434
 435
 435
 435
 436
 436
 436
 437
 437
 437
 437
 438
 438
 438
 439
 439
 440
 440
 440
 440
 441
 441
 441
 442
 442
 442
 443
 443
 444
 444
 445
 445
 445
 446
 446
 447
 447
 447
 449
 450
 450
 451
 451
 452
 456
 457
 458
 459
 460
 463
 467
 473
 478
 483
 485
 497
 497
 497
 498
 508
 509
 514
 519
 522
 537
 538
 546
 549
 550
 551
 552
 552
 565
 588
 596
 610
 610
 611
 611
 615
 651